(kicad_pcb (version 20171130) (host pcbnew "(5.1.5-0)")

  (general
    (thickness 1.6)
    (drawings 12)
    (tracks 324)
    (zones 0)
    (modules 29)
    (nets 77)
  )

  (page A4)
  (layers
    (0 F.Cu signal)
    (31 B.Cu signal)
    (32 B.Adhes user)
    (33 F.Adhes user)
    (34 B.Paste user)
    (35 F.Paste user)
    (36 B.SilkS user)
    (37 F.SilkS user)
    (38 B.Mask user)
    (39 F.Mask user)
    (40 Dwgs.User user)
    (41 Cmts.User user)
    (42 Eco1.User user)
    (43 Eco2.User user)
    (44 Edge.Cuts user)
    (45 Margin user)
    (46 B.CrtYd user)
    (47 F.CrtYd user)
    (48 B.Fab user)
    (49 F.Fab user)
  )

  (setup
    (last_trace_width 0.25)
    (user_trace_width 0.4)
    (user_trace_width 0.5)
    (user_trace_width 0.75)
    (user_trace_width 1)
    (trace_clearance 0.2)
    (zone_clearance 0.508)
    (zone_45_only no)
    (trace_min 0.2)
    (via_size 0.8)
    (via_drill 0.4)
    (via_min_size 0.4)
    (via_min_drill 0.3)
    (uvia_size 0.3)
    (uvia_drill 0.1)
    (uvias_allowed no)
    (uvia_min_size 0.2)
    (uvia_min_drill 0.1)
    (edge_width 0.05)
    (segment_width 0.2)
    (pcb_text_width 0.3)
    (pcb_text_size 1.5 1.5)
    (mod_edge_width 0.12)
    (mod_text_size 1 1)
    (mod_text_width 0.15)
    (pad_size 2.2 2.2)
    (pad_drill 2.2)
    (pad_to_mask_clearance 0.051)
    (solder_mask_min_width 0.25)
    (aux_axis_origin 0 0)
    (visible_elements 7FFFFFFF)
    (pcbplotparams
      (layerselection 0x01000_ffffffff)
      (usegerberextensions false)
      (usegerberattributes false)
      (usegerberadvancedattributes false)
      (creategerberjobfile false)
      (excludeedgelayer true)
      (linewidth 0.100000)
      (plotframeref false)
      (viasonmask false)
      (mode 1)
      (useauxorigin false)
      (hpglpennumber 1)
      (hpglpenspeed 20)
      (hpglpendiameter 15.000000)
      (psnegative false)
      (psa4output false)
      (plotreference true)
      (plotvalue true)
      (plotinvisibletext false)
      (padsonsilk false)
      (subtractmaskfromsilk false)
      (outputformat 1)
      (mirror false)
      (drillshape 0)
      (scaleselection 1)
      (outputdirectory ""))
  )

  (net 0 "")
  (net 1 VDD_3.3V)
  (net 2 GND)
  (net 3 RTDIN-_W3_RTD1)
  (net 4 RTDIN+_W2_RTD1)
  (net 5 RTDIN+_W2_RTD2)
  (net 6 RTDIN-_W3_RTD2)
  (net 7 RTDIN-_W3_RTD3)
  (net 8 RTDIN+_W2_RTD3)
  (net 9 RTDIN+_W2_RTD4)
  (net 10 RTDIN-_W3_RTD4)
  (net 11 "Net-(IC1-Pad4)")
  (net 12 "Net-(IC1-Pad6)")
  (net 13 FORCE_W1_RTD1)
  (net 14 MOSI)
  (net 15 SCLK)
  (net 16 CE0)
  (net 17 MISO)
  (net 18 "Net-(IC1-Pad20)")
  (net 19 "Net-(IC2-Pad20)")
  (net 20 CE1)
  (net 21 FORCE_W1_RTD2)
  (net 22 "Net-(IC2-Pad6)")
  (net 23 "Net-(IC2-Pad4)")
  (net 24 "Net-(IC3-Pad4)")
  (net 25 "Net-(IC3-Pad6)")
  (net 26 FORCE_W1_RTD3)
  (net 27 CE2)
  (net 28 "Net-(IC3-Pad20)")
  (net 29 "Net-(IC4-Pad20)")
  (net 30 CE3)
  (net 31 FORCE_W1_RTD4)
  (net 32 "Net-(IC4-Pad6)")
  (net 33 "Net-(IC4-Pad4)")
  (net 34 "Net-(J1-Pad2)")
  (net 35 "Net-(J1-Pad3)")
  (net 36 "Net-(J1-Pad4)")
  (net 37 "Net-(J1-Pad5)")
  (net 38 "Net-(J1-Pad7)")
  (net 39 "Net-(J1-Pad8)")
  (net 40 "Net-(J1-Pad9)")
  (net 41 "Net-(J1-Pad10)")
  (net 42 "Net-(J1-Pad11)")
  (net 43 "Net-(J1-Pad12)")
  (net 44 "Net-(J1-Pad13)")
  (net 45 "Net-(J1-Pad14)")
  (net 46 "Net-(J1-Pad15)")
  (net 47 "Net-(J1-Pad16)")
  (net 48 "Net-(J1-Pad17)")
  (net 49 "Net-(J1-Pad18)")
  (net 50 "Net-(J1-Pad20)")
  (net 51 "Net-(J1-Pad22)")
  (net 52 "Net-(J1-Pad25)")
  (net 53 "Net-(J1-Pad27)")
  (net 54 "Net-(J1-Pad28)")
  (net 55 "Net-(J1-Pad30)")
  (net 56 "Net-(J1-Pad33)")
  (net 57 "Net-(J1-Pad34)")
  (net 58 "Net-(J1-Pad35)")
  (net 59 "Net-(J1-Pad36)")
  (net 60 "Net-(J1-Pad37)")
  (net 61 "Net-(J1-Pad38)")
  (net 62 "Net-(J1-Pad39)")
  (net 63 "Net-(J1-Pad40)")
  (net 64 "Net-(J2-Pad4)")
  (net 65 "Net-(J3-Pad4)")
  (net 66 "Net-(J4-Pad4)")
  (net 67 "Net-(J5-Pad4)")
  (net 68 "Net-(R1-Pad1)")
  (net 69 "Net-(R3-Pad1)")
  (net 70 "Net-(R5-Pad1)")
  (net 71 "Net-(R7-Pad1)")
  (net 72 "Net-(IC1-Pad1)")
  (net 73 "Net-(IC2-Pad1)")
  (net 74 "Net-(IC3-Pad1)")
  (net 75 "Net-(IC4-Pad1)")
  (net 76 "Net-(J1-Pad32)")

  (net_class Default "This is the default net class."
    (clearance 0.2)
    (trace_width 0.25)
    (via_dia 0.8)
    (via_drill 0.4)
    (uvia_dia 0.3)
    (uvia_drill 0.1)
    (add_net CE0)
    (add_net CE1)
    (add_net CE2)
    (add_net CE3)
    (add_net FORCE_W1_RTD1)
    (add_net FORCE_W1_RTD2)
    (add_net FORCE_W1_RTD3)
    (add_net FORCE_W1_RTD4)
    (add_net GND)
    (add_net MISO)
    (add_net MOSI)
    (add_net "Net-(IC1-Pad1)")
    (add_net "Net-(IC1-Pad20)")
    (add_net "Net-(IC1-Pad4)")
    (add_net "Net-(IC1-Pad6)")
    (add_net "Net-(IC2-Pad1)")
    (add_net "Net-(IC2-Pad20)")
    (add_net "Net-(IC2-Pad4)")
    (add_net "Net-(IC2-Pad6)")
    (add_net "Net-(IC3-Pad1)")
    (add_net "Net-(IC3-Pad20)")
    (add_net "Net-(IC3-Pad4)")
    (add_net "Net-(IC3-Pad6)")
    (add_net "Net-(IC4-Pad1)")
    (add_net "Net-(IC4-Pad20)")
    (add_net "Net-(IC4-Pad4)")
    (add_net "Net-(IC4-Pad6)")
    (add_net "Net-(J1-Pad10)")
    (add_net "Net-(J1-Pad11)")
    (add_net "Net-(J1-Pad12)")
    (add_net "Net-(J1-Pad13)")
    (add_net "Net-(J1-Pad14)")
    (add_net "Net-(J1-Pad15)")
    (add_net "Net-(J1-Pad16)")
    (add_net "Net-(J1-Pad17)")
    (add_net "Net-(J1-Pad18)")
    (add_net "Net-(J1-Pad2)")
    (add_net "Net-(J1-Pad20)")
    (add_net "Net-(J1-Pad22)")
    (add_net "Net-(J1-Pad25)")
    (add_net "Net-(J1-Pad27)")
    (add_net "Net-(J1-Pad28)")
    (add_net "Net-(J1-Pad3)")
    (add_net "Net-(J1-Pad30)")
    (add_net "Net-(J1-Pad32)")
    (add_net "Net-(J1-Pad33)")
    (add_net "Net-(J1-Pad34)")
    (add_net "Net-(J1-Pad35)")
    (add_net "Net-(J1-Pad36)")
    (add_net "Net-(J1-Pad37)")
    (add_net "Net-(J1-Pad38)")
    (add_net "Net-(J1-Pad39)")
    (add_net "Net-(J1-Pad4)")
    (add_net "Net-(J1-Pad40)")
    (add_net "Net-(J1-Pad5)")
    (add_net "Net-(J1-Pad7)")
    (add_net "Net-(J1-Pad8)")
    (add_net "Net-(J1-Pad9)")
    (add_net "Net-(J2-Pad4)")
    (add_net "Net-(J3-Pad4)")
    (add_net "Net-(J4-Pad4)")
    (add_net "Net-(J5-Pad4)")
    (add_net "Net-(R1-Pad1)")
    (add_net "Net-(R3-Pad1)")
    (add_net "Net-(R5-Pad1)")
    (add_net "Net-(R7-Pad1)")
    (add_net RTDIN+_W2_RTD1)
    (add_net RTDIN+_W2_RTD2)
    (add_net RTDIN+_W2_RTD3)
    (add_net RTDIN+_W2_RTD4)
    (add_net RTDIN-_W3_RTD1)
    (add_net RTDIN-_W3_RTD2)
    (add_net RTDIN-_W3_RTD3)
    (add_net RTDIN-_W3_RTD4)
    (add_net SCLK)
    (add_net VDD_3.3V)
  )

  (module MountingHole:MountingHole_2.2mm_M2 (layer F.Cu) (tedit 56D1B4CB) (tstamp 5DEACB90)
    (at 97.155 81.915)
    (descr "Mounting Hole 2.2mm, no annular, M2")
    (tags "mounting hole 2.2mm no annular m2")
    (attr virtual)
    (fp_text reference REF** (at 0 -3.2) (layer F.SilkS) hide
      (effects (font (size 1 1) (thickness 0.15)))
    )
    (fp_text value MountingHole_2.2mm_M2 (at 0 3.2) (layer F.Fab)
      (effects (font (size 1 1) (thickness 0.15)))
    )
    (fp_text user %R (at 0.3 0) (layer F.Fab) hide
      (effects (font (size 1 1) (thickness 0.15)))
    )
    (fp_circle (center 0 0) (end 2.2 0) (layer Cmts.User) (width 0.15))
    (fp_circle (center 0 0) (end 2.45 0) (layer F.CrtYd) (width 0.05))
    (pad 1 np_thru_hole circle (at 0 0) (size 2.2 2.2) (drill 2.2) (layers *.Cu *.Mask))
  )

  (module MountingHole:MountingHole_2.2mm_M2 (layer F.Cu) (tedit 56D1B4CB) (tstamp 5DEAF47B)
    (at 97.155 128.905)
    (descr "Mounting Hole 2.2mm, no annular, M2")
    (tags "mounting hole 2.2mm no annular m2")
    (attr virtual)
    (fp_text reference REF** (at 0 -3.2) (layer F.SilkS) hide
      (effects (font (size 1 1) (thickness 0.15)))
    )
    (fp_text value MountingHole_2.2mm_M2 (at 0 3.2) (layer F.Fab)
      (effects (font (size 1 1) (thickness 0.15)))
    )
    (fp_circle (center 0 0) (end 2.45 0) (layer F.CrtYd) (width 0.05))
    (fp_circle (center 0 0) (end 2.2 0) (layer Cmts.User) (width 0.15))
    (fp_text user %R (at 0.3 0) (layer F.Fab) hide
      (effects (font (size 1 1) (thickness 0.15)))
    )
    (pad 1 np_thru_hole circle (at 0 0) (size 2.2 2.2) (drill 2.2) (layers *.Cu *.Mask))
  )

  (module MountingHole:MountingHole_2.2mm_M2 (layer F.Cu) (tedit 56D1B4CB) (tstamp 5DEACBDD)
    (at 194.945 128.905)
    (descr "Mounting Hole 2.2mm, no annular, M2")
    (tags "mounting hole 2.2mm no annular m2")
    (attr virtual)
    (fp_text reference REF** (at 0 -3.2) (layer F.SilkS) hide
      (effects (font (size 1 1) (thickness 0.15)))
    )
    (fp_text value MountingHole_2.2mm_M2 (at 0 3.2) (layer F.Fab)
      (effects (font (size 1 1) (thickness 0.15)))
    )
    (fp_circle (center 0 0) (end 2.45 0) (layer F.CrtYd) (width 0.05))
    (fp_circle (center 0 0) (end 2.2 0) (layer Cmts.User) (width 0.15))
    (fp_text user %R (at 0.3 0) (layer F.Fab) hide
      (effects (font (size 1 1) (thickness 0.15)))
    )
    (pad 1 np_thru_hole circle (at 0 0) (size 2.2 2.2) (drill 2.2) (layers *.Cu *.Mask))
  )

  (module MountingHole:MountingHole_2.2mm_M2 (layer F.Cu) (tedit 56D1B4CB) (tstamp 5DEACBC0)
    (at 194.945 81.915)
    (descr "Mounting Hole 2.2mm, no annular, M2")
    (tags "mounting hole 2.2mm no annular m2")
    (attr virtual)
    (fp_text reference REF** (at 0 -3.2) (layer F.SilkS) hide
      (effects (font (size 1 1) (thickness 0.15)))
    )
    (fp_text value MountingHole_2.2mm_M2 (at 0 3.2) (layer F.Fab)
      (effects (font (size 1 1) (thickness 0.15)))
    )
    (fp_circle (center 0 0) (end 2.45 0) (layer F.CrtYd) (width 0.05))
    (fp_circle (center 0 0) (end 2.2 0) (layer Cmts.User) (width 0.15))
    (fp_text user %R (at 0.3 0) (layer F.Fab) hide
      (effects (font (size 1 1) (thickness 0.15)))
    )
    (pad 1 np_thru_hole circle (at 0 0) (size 2.2 2.2) (drill 2.2) (layers *.Cu *.Mask))
  )

  (module Connector_PinSocket_2.54mm:PinSocket_2x20_P2.54mm_Vertical (layer F.Cu) (tedit 5A19A433) (tstamp 5DE9B099)
    (at 105.41 81.28)
    (descr "Through hole straight socket strip, 2x20, 2.54mm pitch, double cols (from Kicad 4.0.7), script generated")
    (tags "Through hole socket strip THT 2x20 2.54mm double row")
    (path /5DF257B5)
    (fp_text reference J1 (at -1.27 -2.77) (layer F.SilkS)
      (effects (font (size 1 1) (thickness 0.15)))
    )
    (fp_text value Raspberry_Pi_2_3_GPIO_PSU (at -1.27 51.03) (layer F.Fab)
      (effects (font (size 1 1) (thickness 0.15)))
    )
    (fp_line (start -3.81 -1.27) (end 0.27 -1.27) (layer F.Fab) (width 0.1))
    (fp_line (start 0.27 -1.27) (end 1.27 -0.27) (layer F.Fab) (width 0.1))
    (fp_line (start 1.27 -0.27) (end 1.27 49.53) (layer F.Fab) (width 0.1))
    (fp_line (start 1.27 49.53) (end -3.81 49.53) (layer F.Fab) (width 0.1))
    (fp_line (start -3.81 49.53) (end -3.81 -1.27) (layer F.Fab) (width 0.1))
    (fp_line (start -3.87 -1.33) (end -1.27 -1.33) (layer F.SilkS) (width 0.12))
    (fp_line (start -3.87 -1.33) (end -3.87 49.59) (layer F.SilkS) (width 0.12))
    (fp_line (start -3.87 49.59) (end 1.33 49.59) (layer F.SilkS) (width 0.12))
    (fp_line (start 1.33 1.27) (end 1.33 49.59) (layer F.SilkS) (width 0.12))
    (fp_line (start -1.27 1.27) (end 1.33 1.27) (layer F.SilkS) (width 0.12))
    (fp_line (start -1.27 -1.33) (end -1.27 1.27) (layer F.SilkS) (width 0.12))
    (fp_line (start 1.33 -1.33) (end 1.33 0) (layer F.SilkS) (width 0.12))
    (fp_line (start 0 -1.33) (end 1.33 -1.33) (layer F.SilkS) (width 0.12))
    (fp_line (start -4.34 -1.8) (end 1.76 -1.8) (layer F.CrtYd) (width 0.05))
    (fp_line (start 1.76 -1.8) (end 1.76 50) (layer F.CrtYd) (width 0.05))
    (fp_line (start 1.76 50) (end -4.34 50) (layer F.CrtYd) (width 0.05))
    (fp_line (start -4.34 50) (end -4.34 -1.8) (layer F.CrtYd) (width 0.05))
    (fp_text user %R (at -1.27 24.13 90) (layer F.Fab)
      (effects (font (size 1 1) (thickness 0.15)))
    )
    (pad 1 thru_hole rect (at 0 0) (size 1.7 1.7) (drill 1) (layers *.Cu *.Mask)
      (net 1 VDD_3.3V))
    (pad 2 thru_hole oval (at -2.54 0) (size 1.7 1.7) (drill 1) (layers *.Cu *.Mask)
      (net 34 "Net-(J1-Pad2)"))
    (pad 3 thru_hole oval (at 0 2.54) (size 1.7 1.7) (drill 1) (layers *.Cu *.Mask)
      (net 35 "Net-(J1-Pad3)"))
    (pad 4 thru_hole oval (at -2.54 2.54) (size 1.7 1.7) (drill 1) (layers *.Cu *.Mask)
      (net 36 "Net-(J1-Pad4)"))
    (pad 5 thru_hole oval (at 0 5.08) (size 1.7 1.7) (drill 1) (layers *.Cu *.Mask)
      (net 37 "Net-(J1-Pad5)"))
    (pad 6 thru_hole oval (at -2.54 5.08) (size 1.7 1.7) (drill 1) (layers *.Cu *.Mask)
      (net 2 GND))
    (pad 7 thru_hole oval (at 0 7.62) (size 1.7 1.7) (drill 1) (layers *.Cu *.Mask)
      (net 38 "Net-(J1-Pad7)"))
    (pad 8 thru_hole oval (at -2.54 7.62) (size 1.7 1.7) (drill 1) (layers *.Cu *.Mask)
      (net 39 "Net-(J1-Pad8)"))
    (pad 9 thru_hole oval (at 0 10.16) (size 1.7 1.7) (drill 1) (layers *.Cu *.Mask)
      (net 40 "Net-(J1-Pad9)"))
    (pad 10 thru_hole oval (at -2.54 10.16) (size 1.7 1.7) (drill 1) (layers *.Cu *.Mask)
      (net 41 "Net-(J1-Pad10)"))
    (pad 11 thru_hole oval (at 0 12.7) (size 1.7 1.7) (drill 1) (layers *.Cu *.Mask)
      (net 42 "Net-(J1-Pad11)"))
    (pad 12 thru_hole oval (at -2.54 12.7) (size 1.7 1.7) (drill 1) (layers *.Cu *.Mask)
      (net 43 "Net-(J1-Pad12)"))
    (pad 13 thru_hole oval (at 0 15.24) (size 1.7 1.7) (drill 1) (layers *.Cu *.Mask)
      (net 44 "Net-(J1-Pad13)"))
    (pad 14 thru_hole oval (at -2.54 15.24) (size 1.7 1.7) (drill 1) (layers *.Cu *.Mask)
      (net 45 "Net-(J1-Pad14)"))
    (pad 15 thru_hole oval (at 0 17.78) (size 1.7 1.7) (drill 1) (layers *.Cu *.Mask)
      (net 46 "Net-(J1-Pad15)"))
    (pad 16 thru_hole oval (at -2.54 17.78) (size 1.7 1.7) (drill 1) (layers *.Cu *.Mask)
      (net 47 "Net-(J1-Pad16)"))
    (pad 17 thru_hole oval (at 0 20.32) (size 1.7 1.7) (drill 1) (layers *.Cu *.Mask)
      (net 48 "Net-(J1-Pad17)"))
    (pad 18 thru_hole oval (at -2.54 20.32) (size 1.7 1.7) (drill 1) (layers *.Cu *.Mask)
      (net 49 "Net-(J1-Pad18)"))
    (pad 19 thru_hole oval (at 0 22.86) (size 1.7 1.7) (drill 1) (layers *.Cu *.Mask)
      (net 14 MOSI))
    (pad 20 thru_hole oval (at -2.54 22.86) (size 1.7 1.7) (drill 1) (layers *.Cu *.Mask)
      (net 50 "Net-(J1-Pad20)"))
    (pad 21 thru_hole oval (at 0 25.4) (size 1.7 1.7) (drill 1) (layers *.Cu *.Mask)
      (net 17 MISO))
    (pad 22 thru_hole oval (at -2.54 25.4) (size 1.7 1.7) (drill 1) (layers *.Cu *.Mask)
      (net 51 "Net-(J1-Pad22)"))
    (pad 23 thru_hole oval (at 0 27.94) (size 1.7 1.7) (drill 1) (layers *.Cu *.Mask)
      (net 15 SCLK))
    (pad 24 thru_hole oval (at -2.54 27.94) (size 1.7 1.7) (drill 1) (layers *.Cu *.Mask)
      (net 16 CE0))
    (pad 25 thru_hole oval (at 0 30.48) (size 1.7 1.7) (drill 1) (layers *.Cu *.Mask)
      (net 52 "Net-(J1-Pad25)"))
    (pad 26 thru_hole oval (at -2.54 30.48) (size 1.7 1.7) (drill 1) (layers *.Cu *.Mask)
      (net 20 CE1))
    (pad 27 thru_hole oval (at 0 33.02) (size 1.7 1.7) (drill 1) (layers *.Cu *.Mask)
      (net 53 "Net-(J1-Pad27)"))
    (pad 28 thru_hole oval (at -2.54 33.02) (size 1.7 1.7) (drill 1) (layers *.Cu *.Mask)
      (net 54 "Net-(J1-Pad28)"))
    (pad 29 thru_hole oval (at 0 35.56) (size 1.7 1.7) (drill 1) (layers *.Cu *.Mask)
      (net 30 CE3))
    (pad 30 thru_hole oval (at -2.54 35.56) (size 1.7 1.7) (drill 1) (layers *.Cu *.Mask)
      (net 55 "Net-(J1-Pad30)"))
    (pad 31 thru_hole oval (at 0 38.1) (size 1.7 1.7) (drill 1) (layers *.Cu *.Mask)
      (net 27 CE2))
    (pad 32 thru_hole oval (at -2.54 38.1) (size 1.7 1.7) (drill 1) (layers *.Cu *.Mask)
      (net 76 "Net-(J1-Pad32)"))
    (pad 33 thru_hole oval (at 0 40.64) (size 1.7 1.7) (drill 1) (layers *.Cu *.Mask)
      (net 56 "Net-(J1-Pad33)"))
    (pad 34 thru_hole oval (at -2.54 40.64) (size 1.7 1.7) (drill 1) (layers *.Cu *.Mask)
      (net 57 "Net-(J1-Pad34)"))
    (pad 35 thru_hole oval (at 0 43.18) (size 1.7 1.7) (drill 1) (layers *.Cu *.Mask)
      (net 58 "Net-(J1-Pad35)"))
    (pad 36 thru_hole oval (at -2.54 43.18) (size 1.7 1.7) (drill 1) (layers *.Cu *.Mask)
      (net 59 "Net-(J1-Pad36)"))
    (pad 37 thru_hole oval (at 0 45.72) (size 1.7 1.7) (drill 1) (layers *.Cu *.Mask)
      (net 60 "Net-(J1-Pad37)"))
    (pad 38 thru_hole oval (at -2.54 45.72) (size 1.7 1.7) (drill 1) (layers *.Cu *.Mask)
      (net 61 "Net-(J1-Pad38)"))
    (pad 39 thru_hole oval (at 0 48.26) (size 1.7 1.7) (drill 1) (layers *.Cu *.Mask)
      (net 62 "Net-(J1-Pad39)"))
    (pad 40 thru_hole oval (at -2.54 48.26) (size 1.7 1.7) (drill 1) (layers *.Cu *.Mask)
      (net 63 "Net-(J1-Pad40)"))
    (model ${KISYS3DMOD}/Connector_PinSocket_2.54mm.3dshapes/PinSocket_2x20_P2.54mm_Vertical.wrl
      (at (xyz 0 0 0))
      (scale (xyz 1 1 1))
      (rotate (xyz 0 0 0))
    )
  )

  (module Capacitor_SMD:C_0603_1608Metric_Pad1.05x0.95mm_HandSolder (layer F.Cu) (tedit 5B301BBE) (tstamp 5DEA58F7)
    (at 128.51 100.33)
    (descr "Capacitor SMD 0603 (1608 Metric), square (rectangular) end terminal, IPC_7351 nominal with elongated pad for handsoldering. (Body size source: http://www.tortai-tech.com/upload/download/2011102023233369053.pdf), generated with kicad-footprint-generator")
    (tags "capacitor handsolder")
    (path /5DF85312)
    (attr smd)
    (fp_text reference C1 (at 0 -1.43) (layer F.SilkS)
      (effects (font (size 1 1) (thickness 0.15)))
    )
    (fp_text value 100nF (at -3.415 0) (layer F.Fab)
      (effects (font (size 1 1) (thickness 0.15)))
    )
    (fp_line (start -0.8 0.4) (end -0.8 -0.4) (layer F.Fab) (width 0.1))
    (fp_line (start -0.8 -0.4) (end 0.8 -0.4) (layer F.Fab) (width 0.1))
    (fp_line (start 0.8 -0.4) (end 0.8 0.4) (layer F.Fab) (width 0.1))
    (fp_line (start 0.8 0.4) (end -0.8 0.4) (layer F.Fab) (width 0.1))
    (fp_line (start -0.171267 -0.51) (end 0.171267 -0.51) (layer F.SilkS) (width 0.12))
    (fp_line (start -0.171267 0.51) (end 0.171267 0.51) (layer F.SilkS) (width 0.12))
    (fp_line (start -1.65 0.73) (end -1.65 -0.73) (layer F.CrtYd) (width 0.05))
    (fp_line (start -1.65 -0.73) (end 1.65 -0.73) (layer F.CrtYd) (width 0.05))
    (fp_line (start 1.65 -0.73) (end 1.65 0.73) (layer F.CrtYd) (width 0.05))
    (fp_line (start 1.65 0.73) (end -1.65 0.73) (layer F.CrtYd) (width 0.05))
    (fp_text user %R (at 0 0) (layer F.Fab)
      (effects (font (size 0.4 0.4) (thickness 0.06)))
    )
    (pad 1 smd roundrect (at -0.875 0) (size 1.05 0.95) (layers F.Cu F.Paste F.Mask) (roundrect_rratio 0.25)
      (net 1 VDD_3.3V))
    (pad 2 smd roundrect (at 0.875 0) (size 1.05 0.95) (layers F.Cu F.Paste F.Mask) (roundrect_rratio 0.25)
      (net 2 GND))
    (model ${KISYS3DMOD}/Capacitor_SMD.3dshapes/C_0603_1608Metric.wrl
      (at (xyz 0 0 0))
      (scale (xyz 1 1 1))
      (rotate (xyz 0 0 0))
    )
  )

  (module Capacitor_SMD:C_0603_1608Metric_Pad1.05x0.95mm_HandSolder (layer F.Cu) (tedit 5B301BBE) (tstamp 5DEA6264)
    (at 148.83 100.33)
    (descr "Capacitor SMD 0603 (1608 Metric), square (rectangular) end terminal, IPC_7351 nominal with elongated pad for handsoldering. (Body size source: http://www.tortai-tech.com/upload/download/2011102023233369053.pdf), generated with kicad-footprint-generator")
    (tags "capacitor handsolder")
    (path /5DF8F11A)
    (attr smd)
    (fp_text reference C2 (at 0 -1.43) (layer F.SilkS)
      (effects (font (size 1 1) (thickness 0.15)))
    )
    (fp_text value 0.1uF (at -3.415 0) (layer F.Fab)
      (effects (font (size 1 1) (thickness 0.15)))
    )
    (fp_text user %R (at 0 0) (layer F.Fab)
      (effects (font (size 0.4 0.4) (thickness 0.06)))
    )
    (fp_line (start 1.65 0.73) (end -1.65 0.73) (layer F.CrtYd) (width 0.05))
    (fp_line (start 1.65 -0.73) (end 1.65 0.73) (layer F.CrtYd) (width 0.05))
    (fp_line (start -1.65 -0.73) (end 1.65 -0.73) (layer F.CrtYd) (width 0.05))
    (fp_line (start -1.65 0.73) (end -1.65 -0.73) (layer F.CrtYd) (width 0.05))
    (fp_line (start -0.171267 0.51) (end 0.171267 0.51) (layer F.SilkS) (width 0.12))
    (fp_line (start -0.171267 -0.51) (end 0.171267 -0.51) (layer F.SilkS) (width 0.12))
    (fp_line (start 0.8 0.4) (end -0.8 0.4) (layer F.Fab) (width 0.1))
    (fp_line (start 0.8 -0.4) (end 0.8 0.4) (layer F.Fab) (width 0.1))
    (fp_line (start -0.8 -0.4) (end 0.8 -0.4) (layer F.Fab) (width 0.1))
    (fp_line (start -0.8 0.4) (end -0.8 -0.4) (layer F.Fab) (width 0.1))
    (pad 2 smd roundrect (at 0.875 0) (size 1.05 0.95) (layers F.Cu F.Paste F.Mask) (roundrect_rratio 0.25)
      (net 2 GND))
    (pad 1 smd roundrect (at -0.875 0) (size 1.05 0.95) (layers F.Cu F.Paste F.Mask) (roundrect_rratio 0.25)
      (net 1 VDD_3.3V))
    (model ${KISYS3DMOD}/Capacitor_SMD.3dshapes/C_0603_1608Metric.wrl
      (at (xyz 0 0 0))
      (scale (xyz 1 1 1))
      (rotate (xyz 0 0 0))
    )
  )

  (module Capacitor_SMD:C_0603_1608Metric_Pad1.05x0.95mm_HandSolder (layer F.Cu) (tedit 5B301BBE) (tstamp 5DEA67D6)
    (at 169.15 100.33)
    (descr "Capacitor SMD 0603 (1608 Metric), square (rectangular) end terminal, IPC_7351 nominal with elongated pad for handsoldering. (Body size source: http://www.tortai-tech.com/upload/download/2011102023233369053.pdf), generated with kicad-footprint-generator")
    (tags "capacitor handsolder")
    (path /5DF995AE)
    (attr smd)
    (fp_text reference C3 (at 0 -1.43) (layer F.SilkS)
      (effects (font (size 1 1) (thickness 0.15)))
    )
    (fp_text value 0.1uF (at -3.415 0) (layer F.Fab)
      (effects (font (size 1 1) (thickness 0.15)))
    )
    (fp_text user %R (at 0 0) (layer F.Fab)
      (effects (font (size 0.4 0.4) (thickness 0.06)))
    )
    (fp_line (start 1.65 0.73) (end -1.65 0.73) (layer F.CrtYd) (width 0.05))
    (fp_line (start 1.65 -0.73) (end 1.65 0.73) (layer F.CrtYd) (width 0.05))
    (fp_line (start -1.65 -0.73) (end 1.65 -0.73) (layer F.CrtYd) (width 0.05))
    (fp_line (start -1.65 0.73) (end -1.65 -0.73) (layer F.CrtYd) (width 0.05))
    (fp_line (start -0.171267 0.51) (end 0.171267 0.51) (layer F.SilkS) (width 0.12))
    (fp_line (start -0.171267 -0.51) (end 0.171267 -0.51) (layer F.SilkS) (width 0.12))
    (fp_line (start 0.8 0.4) (end -0.8 0.4) (layer F.Fab) (width 0.1))
    (fp_line (start 0.8 -0.4) (end 0.8 0.4) (layer F.Fab) (width 0.1))
    (fp_line (start -0.8 -0.4) (end 0.8 -0.4) (layer F.Fab) (width 0.1))
    (fp_line (start -0.8 0.4) (end -0.8 -0.4) (layer F.Fab) (width 0.1))
    (pad 2 smd roundrect (at 0.875 0) (size 1.05 0.95) (layers F.Cu F.Paste F.Mask) (roundrect_rratio 0.25)
      (net 2 GND))
    (pad 1 smd roundrect (at -0.875 0) (size 1.05 0.95) (layers F.Cu F.Paste F.Mask) (roundrect_rratio 0.25)
      (net 1 VDD_3.3V))
    (model ${KISYS3DMOD}/Capacitor_SMD.3dshapes/C_0603_1608Metric.wrl
      (at (xyz 0 0 0))
      (scale (xyz 1 1 1))
      (rotate (xyz 0 0 0))
    )
  )

  (module Capacitor_SMD:C_0603_1608Metric_Pad1.05x0.95mm_HandSolder (layer F.Cu) (tedit 5B301BBE) (tstamp 5DEA1ADE)
    (at 189.47 100.33)
    (descr "Capacitor SMD 0603 (1608 Metric), square (rectangular) end terminal, IPC_7351 nominal with elongated pad for handsoldering. (Body size source: http://www.tortai-tech.com/upload/download/2011102023233369053.pdf), generated with kicad-footprint-generator")
    (tags "capacitor handsolder")
    (path /5E16B454)
    (attr smd)
    (fp_text reference C4 (at 0 -1.43) (layer F.SilkS)
      (effects (font (size 1 1) (thickness 0.15)))
    )
    (fp_text value 0.1uF (at -3.415 0) (layer F.Fab)
      (effects (font (size 1 1) (thickness 0.15)))
    )
    (fp_text user %R (at 0 0) (layer F.Fab)
      (effects (font (size 0.4 0.4) (thickness 0.06)))
    )
    (fp_line (start 1.65 0.73) (end -1.65 0.73) (layer F.CrtYd) (width 0.05))
    (fp_line (start 1.65 -0.73) (end 1.65 0.73) (layer F.CrtYd) (width 0.05))
    (fp_line (start -1.65 -0.73) (end 1.65 -0.73) (layer F.CrtYd) (width 0.05))
    (fp_line (start -1.65 0.73) (end -1.65 -0.73) (layer F.CrtYd) (width 0.05))
    (fp_line (start -0.171267 0.51) (end 0.171267 0.51) (layer F.SilkS) (width 0.12))
    (fp_line (start -0.171267 -0.51) (end 0.171267 -0.51) (layer F.SilkS) (width 0.12))
    (fp_line (start 0.8 0.4) (end -0.8 0.4) (layer F.Fab) (width 0.1))
    (fp_line (start 0.8 -0.4) (end 0.8 0.4) (layer F.Fab) (width 0.1))
    (fp_line (start -0.8 -0.4) (end 0.8 -0.4) (layer F.Fab) (width 0.1))
    (fp_line (start -0.8 0.4) (end -0.8 -0.4) (layer F.Fab) (width 0.1))
    (pad 2 smd roundrect (at 0.875 0) (size 1.05 0.95) (layers F.Cu F.Paste F.Mask) (roundrect_rratio 0.25)
      (net 2 GND))
    (pad 1 smd roundrect (at -0.875 0) (size 1.05 0.95) (layers F.Cu F.Paste F.Mask) (roundrect_rratio 0.25)
      (net 1 VDD_3.3V))
    (model ${KISYS3DMOD}/Capacitor_SMD.3dshapes/C_0603_1608Metric.wrl
      (at (xyz 0 0 0))
      (scale (xyz 1 1 1))
      (rotate (xyz 0 0 0))
    )
  )

  (module Capacitor_SMD:C_0603_1608Metric_Pad1.05x0.95mm_HandSolder (layer F.Cu) (tedit 5B301BBE) (tstamp 5DEA2D6C)
    (at 121.525 93.345 180)
    (descr "Capacitor SMD 0603 (1608 Metric), square (rectangular) end terminal, IPC_7351 nominal with elongated pad for handsoldering. (Body size source: http://www.tortai-tech.com/upload/download/2011102023233369053.pdf), generated with kicad-footprint-generator")
    (tags "capacitor handsolder")
    (path /5DED77C6)
    (attr smd)
    (fp_text reference C5 (at 0 1.27) (layer F.SilkS)
      (effects (font (size 1 1) (thickness 0.15)))
    )
    (fp_text value 100nF (at -3.415 0) (layer F.Fab)
      (effects (font (size 1 1) (thickness 0.15)))
    )
    (fp_text user %R (at 0 0) (layer F.Fab)
      (effects (font (size 0.4 0.4) (thickness 0.06)))
    )
    (fp_line (start 1.65 0.73) (end -1.65 0.73) (layer F.CrtYd) (width 0.05))
    (fp_line (start 1.65 -0.73) (end 1.65 0.73) (layer F.CrtYd) (width 0.05))
    (fp_line (start -1.65 -0.73) (end 1.65 -0.73) (layer F.CrtYd) (width 0.05))
    (fp_line (start -1.65 0.73) (end -1.65 -0.73) (layer F.CrtYd) (width 0.05))
    (fp_line (start -0.171267 0.51) (end 0.171267 0.51) (layer F.SilkS) (width 0.12))
    (fp_line (start -0.171267 -0.51) (end 0.171267 -0.51) (layer F.SilkS) (width 0.12))
    (fp_line (start 0.8 0.4) (end -0.8 0.4) (layer F.Fab) (width 0.1))
    (fp_line (start 0.8 -0.4) (end 0.8 0.4) (layer F.Fab) (width 0.1))
    (fp_line (start -0.8 -0.4) (end 0.8 -0.4) (layer F.Fab) (width 0.1))
    (fp_line (start -0.8 0.4) (end -0.8 -0.4) (layer F.Fab) (width 0.1))
    (pad 2 smd roundrect (at 0.875 0 180) (size 1.05 0.95) (layers F.Cu F.Paste F.Mask) (roundrect_rratio 0.25)
      (net 3 RTDIN-_W3_RTD1))
    (pad 1 smd roundrect (at -0.875 0 180) (size 1.05 0.95) (layers F.Cu F.Paste F.Mask) (roundrect_rratio 0.25)
      (net 4 RTDIN+_W2_RTD1))
    (model ${KISYS3DMOD}/Capacitor_SMD.3dshapes/C_0603_1608Metric.wrl
      (at (xyz 0 0 0))
      (scale (xyz 1 1 1))
      (rotate (xyz 0 0 0))
    )
  )

  (module Capacitor_SMD:C_0603_1608Metric_Pad1.05x0.95mm_HandSolder (layer F.Cu) (tedit 5B301BBE) (tstamp 5DEA51D1)
    (at 141.845 93.345 180)
    (descr "Capacitor SMD 0603 (1608 Metric), square (rectangular) end terminal, IPC_7351 nominal with elongated pad for handsoldering. (Body size source: http://www.tortai-tech.com/upload/download/2011102023233369053.pdf), generated with kicad-footprint-generator")
    (tags "capacitor handsolder")
    (path /5DF0A56F)
    (attr smd)
    (fp_text reference C6 (at 0 1.27) (layer F.SilkS)
      (effects (font (size 1 1) (thickness 0.15)))
    )
    (fp_text value 100nF (at -3.415 0) (layer F.Fab)
      (effects (font (size 1 1) (thickness 0.15)))
    )
    (fp_text user %R (at 0 0) (layer F.Fab)
      (effects (font (size 0.4 0.4) (thickness 0.06)))
    )
    (fp_line (start 1.65 0.73) (end -1.65 0.73) (layer F.CrtYd) (width 0.05))
    (fp_line (start 1.65 -0.73) (end 1.65 0.73) (layer F.CrtYd) (width 0.05))
    (fp_line (start -1.65 -0.73) (end 1.65 -0.73) (layer F.CrtYd) (width 0.05))
    (fp_line (start -1.65 0.73) (end -1.65 -0.73) (layer F.CrtYd) (width 0.05))
    (fp_line (start -0.171267 0.51) (end 0.171267 0.51) (layer F.SilkS) (width 0.12))
    (fp_line (start -0.171267 -0.51) (end 0.171267 -0.51) (layer F.SilkS) (width 0.12))
    (fp_line (start 0.8 0.4) (end -0.8 0.4) (layer F.Fab) (width 0.1))
    (fp_line (start 0.8 -0.4) (end 0.8 0.4) (layer F.Fab) (width 0.1))
    (fp_line (start -0.8 -0.4) (end 0.8 -0.4) (layer F.Fab) (width 0.1))
    (fp_line (start -0.8 0.4) (end -0.8 -0.4) (layer F.Fab) (width 0.1))
    (pad 2 smd roundrect (at 0.875 0 180) (size 1.05 0.95) (layers F.Cu F.Paste F.Mask) (roundrect_rratio 0.25)
      (net 6 RTDIN-_W3_RTD2))
    (pad 1 smd roundrect (at -0.875 0 180) (size 1.05 0.95) (layers F.Cu F.Paste F.Mask) (roundrect_rratio 0.25)
      (net 5 RTDIN+_W2_RTD2))
    (model ${KISYS3DMOD}/Capacitor_SMD.3dshapes/C_0603_1608Metric.wrl
      (at (xyz 0 0 0))
      (scale (xyz 1 1 1))
      (rotate (xyz 0 0 0))
    )
  )

  (module Capacitor_SMD:C_0603_1608Metric_Pad1.05x0.95mm_HandSolder (layer F.Cu) (tedit 5B301BBE) (tstamp 5DE9AFAE)
    (at 162.32 93.345 180)
    (descr "Capacitor SMD 0603 (1608 Metric), square (rectangular) end terminal, IPC_7351 nominal with elongated pad for handsoldering. (Body size source: http://www.tortai-tech.com/upload/download/2011102023233369053.pdf), generated with kicad-footprint-generator")
    (tags "capacitor handsolder")
    (path /5DF5D36D)
    (attr smd)
    (fp_text reference C7 (at 0 1.27) (layer F.SilkS)
      (effects (font (size 1 1) (thickness 0.15)))
    )
    (fp_text value 100nF (at -3.415 0) (layer F.Fab)
      (effects (font (size 1 1) (thickness 0.15)))
    )
    (fp_text user %R (at 0 0) (layer F.Fab)
      (effects (font (size 0.4 0.4) (thickness 0.06)))
    )
    (fp_line (start 1.65 0.73) (end -1.65 0.73) (layer F.CrtYd) (width 0.05))
    (fp_line (start 1.65 -0.73) (end 1.65 0.73) (layer F.CrtYd) (width 0.05))
    (fp_line (start -1.65 -0.73) (end 1.65 -0.73) (layer F.CrtYd) (width 0.05))
    (fp_line (start -1.65 0.73) (end -1.65 -0.73) (layer F.CrtYd) (width 0.05))
    (fp_line (start -0.171267 0.51) (end 0.171267 0.51) (layer F.SilkS) (width 0.12))
    (fp_line (start -0.171267 -0.51) (end 0.171267 -0.51) (layer F.SilkS) (width 0.12))
    (fp_line (start 0.8 0.4) (end -0.8 0.4) (layer F.Fab) (width 0.1))
    (fp_line (start 0.8 -0.4) (end 0.8 0.4) (layer F.Fab) (width 0.1))
    (fp_line (start -0.8 -0.4) (end 0.8 -0.4) (layer F.Fab) (width 0.1))
    (fp_line (start -0.8 0.4) (end -0.8 -0.4) (layer F.Fab) (width 0.1))
    (pad 2 smd roundrect (at 0.875 0 180) (size 1.05 0.95) (layers F.Cu F.Paste F.Mask) (roundrect_rratio 0.25)
      (net 7 RTDIN-_W3_RTD3))
    (pad 1 smd roundrect (at -0.875 0 180) (size 1.05 0.95) (layers F.Cu F.Paste F.Mask) (roundrect_rratio 0.25)
      (net 8 RTDIN+_W2_RTD3))
    (model ${KISYS3DMOD}/Capacitor_SMD.3dshapes/C_0603_1608Metric.wrl
      (at (xyz 0 0 0))
      (scale (xyz 1 1 1))
      (rotate (xyz 0 0 0))
    )
  )

  (module Capacitor_SMD:C_0603_1608Metric_Pad1.05x0.95mm_HandSolder (layer F.Cu) (tedit 5B301BBE) (tstamp 5DE9C819)
    (at 182.485 93.345 180)
    (descr "Capacitor SMD 0603 (1608 Metric), square (rectangular) end terminal, IPC_7351 nominal with elongated pad for handsoldering. (Body size source: http://www.tortai-tech.com/upload/download/2011102023233369053.pdf), generated with kicad-footprint-generator")
    (tags "capacitor handsolder")
    (path /5DF5D3D9)
    (attr smd)
    (fp_text reference C8 (at 0 1.27) (layer F.SilkS)
      (effects (font (size 1 1) (thickness 0.15)))
    )
    (fp_text value 100nF (at -3.415 0) (layer F.Fab)
      (effects (font (size 1 1) (thickness 0.15)))
    )
    (fp_line (start -0.8 0.4) (end -0.8 -0.4) (layer F.Fab) (width 0.1))
    (fp_line (start -0.8 -0.4) (end 0.8 -0.4) (layer F.Fab) (width 0.1))
    (fp_line (start 0.8 -0.4) (end 0.8 0.4) (layer F.Fab) (width 0.1))
    (fp_line (start 0.8 0.4) (end -0.8 0.4) (layer F.Fab) (width 0.1))
    (fp_line (start -0.171267 -0.51) (end 0.171267 -0.51) (layer F.SilkS) (width 0.12))
    (fp_line (start -0.171267 0.51) (end 0.171267 0.51) (layer F.SilkS) (width 0.12))
    (fp_line (start -1.65 0.73) (end -1.65 -0.73) (layer F.CrtYd) (width 0.05))
    (fp_line (start -1.65 -0.73) (end 1.65 -0.73) (layer F.CrtYd) (width 0.05))
    (fp_line (start 1.65 -0.73) (end 1.65 0.73) (layer F.CrtYd) (width 0.05))
    (fp_line (start 1.65 0.73) (end -1.65 0.73) (layer F.CrtYd) (width 0.05))
    (fp_text user %R (at 0 0) (layer F.Fab)
      (effects (font (size 0.4 0.4) (thickness 0.06)))
    )
    (pad 1 smd roundrect (at -0.875 0 180) (size 1.05 0.95) (layers F.Cu F.Paste F.Mask) (roundrect_rratio 0.25)
      (net 9 RTDIN+_W2_RTD4))
    (pad 2 smd roundrect (at 0.875 0 180) (size 1.05 0.95) (layers F.Cu F.Paste F.Mask) (roundrect_rratio 0.25)
      (net 10 RTDIN-_W3_RTD4))
    (model ${KISYS3DMOD}/Capacitor_SMD.3dshapes/C_0603_1608Metric.wrl
      (at (xyz 0 0 0))
      (scale (xyz 1 1 1))
      (rotate (xyz 0 0 0))
    )
  )

  (module SamacSys_Parts:SOP65P778X199-20N (layer F.Cu) (tedit 0) (tstamp 5DEA57D7)
    (at 121.597 98.04 180)
    (descr "MAX 20 SSOP ")
    (tags "Integrated Circuit")
    (path /5DE71B1F)
    (attr smd)
    (fp_text reference IC1 (at 0 0) (layer F.SilkS)
      (effects (font (size 1.27 1.27) (thickness 0.254)))
    )
    (fp_text value MAX31865AAP+ (at 0 0) (layer F.SilkS) hide
      (effects (font (size 1.27 1.27) (thickness 0.254)))
    )
    (fp_text user %R (at 0 0) (layer F.Fab)
      (effects (font (size 1.27 1.27) (thickness 0.254)))
    )
    (fp_line (start -4.6 -3.915) (end 4.6 -3.915) (layer F.CrtYd) (width 0.05))
    (fp_line (start 4.6 -3.915) (end 4.6 3.915) (layer F.CrtYd) (width 0.05))
    (fp_line (start 4.6 3.915) (end -4.6 3.915) (layer F.CrtYd) (width 0.05))
    (fp_line (start -4.6 3.915) (end -4.6 -3.915) (layer F.CrtYd) (width 0.05))
    (fp_line (start -2.645 -3.6) (end 2.645 -3.6) (layer F.Fab) (width 0.1))
    (fp_line (start 2.645 -3.6) (end 2.645 3.6) (layer F.Fab) (width 0.1))
    (fp_line (start 2.645 3.6) (end -2.645 3.6) (layer F.Fab) (width 0.1))
    (fp_line (start -2.645 3.6) (end -2.645 -3.6) (layer F.Fab) (width 0.1))
    (fp_line (start -2.645 -2.95) (end -1.995 -3.6) (layer F.Fab) (width 0.1))
    (fp_line (start -2.295 -3.6) (end 2.295 -3.6) (layer F.SilkS) (width 0.2))
    (fp_line (start 2.295 -3.6) (end 2.295 3.6) (layer F.SilkS) (width 0.2))
    (fp_line (start 2.295 3.6) (end -2.295 3.6) (layer F.SilkS) (width 0.2))
    (fp_line (start -2.295 3.6) (end -2.295 -3.6) (layer F.SilkS) (width 0.2))
    (fp_line (start -4.35 -3.5) (end -2.645 -3.5) (layer F.SilkS) (width 0.2))
    (pad 1 smd rect (at -3.498 -2.925 270) (size 0.45 1.705) (layers F.Cu F.Paste F.Mask)
      (net 72 "Net-(IC1-Pad1)"))
    (pad 2 smd rect (at -3.498 -2.275 270) (size 0.45 1.705) (layers F.Cu F.Paste F.Mask)
      (net 1 VDD_3.3V))
    (pad 3 smd rect (at -3.498 -1.625 270) (size 0.45 1.705) (layers F.Cu F.Paste F.Mask)
      (net 1 VDD_3.3V))
    (pad 4 smd rect (at -3.498 -0.975 270) (size 0.45 1.705) (layers F.Cu F.Paste F.Mask)
      (net 11 "Net-(IC1-Pad4)"))
    (pad 5 smd rect (at -3.498 -0.325 270) (size 0.45 1.705) (layers F.Cu F.Paste F.Mask)
      (net 11 "Net-(IC1-Pad4)"))
    (pad 6 smd rect (at -3.498 0.325 270) (size 0.45 1.705) (layers F.Cu F.Paste F.Mask)
      (net 12 "Net-(IC1-Pad6)"))
    (pad 7 smd rect (at -3.498 0.975 270) (size 0.45 1.705) (layers F.Cu F.Paste F.Mask)
      (net 12 "Net-(IC1-Pad6)"))
    (pad 8 smd rect (at -3.498 1.625 270) (size 0.45 1.705) (layers F.Cu F.Paste F.Mask)
      (net 13 FORCE_W1_RTD1))
    (pad 9 smd rect (at -3.498 2.275 270) (size 0.45 1.705) (layers F.Cu F.Paste F.Mask)
      (net 13 FORCE_W1_RTD1))
    (pad 10 smd rect (at -3.498 2.925 270) (size 0.45 1.705) (layers F.Cu F.Paste F.Mask)
      (net 4 RTDIN+_W2_RTD1))
    (pad 11 smd rect (at 3.498 2.925 270) (size 0.45 1.705) (layers F.Cu F.Paste F.Mask)
      (net 3 RTDIN-_W3_RTD1))
    (pad 12 smd rect (at 3.498 2.275 270) (size 0.45 1.705) (layers F.Cu F.Paste F.Mask)
      (net 3 RTDIN-_W3_RTD1))
    (pad 13 smd rect (at 3.498 1.625 270) (size 0.45 1.705) (layers F.Cu F.Paste F.Mask)
      (net 2 GND))
    (pad 14 smd rect (at 3.498 0.975 270) (size 0.45 1.705) (layers F.Cu F.Paste F.Mask)
      (net 14 MOSI))
    (pad 15 smd rect (at 3.498 0.325 270) (size 0.45 1.705) (layers F.Cu F.Paste F.Mask)
      (net 15 SCLK))
    (pad 16 smd rect (at 3.498 -0.325 270) (size 0.45 1.705) (layers F.Cu F.Paste F.Mask)
      (net 16 CE0))
    (pad 17 smd rect (at 3.498 -0.975 270) (size 0.45 1.705) (layers F.Cu F.Paste F.Mask)
      (net 17 MISO))
    (pad 18 smd rect (at 3.498 -1.625 270) (size 0.45 1.705) (layers F.Cu F.Paste F.Mask)
      (net 2 GND))
    (pad 19 smd rect (at 3.498 -2.275 270) (size 0.45 1.705) (layers F.Cu F.Paste F.Mask)
      (net 2 GND))
    (pad 20 smd rect (at 3.498 -2.925 270) (size 0.45 1.705) (layers F.Cu F.Paste F.Mask)
      (net 18 "Net-(IC1-Pad20)"))
    (model "D:\\Program Files\\KiCad\\share\\kicad\\samacsys\\SamacSys_Parts.3dshapes\\MAX31865AAP+.stp"
      (at (xyz 0 0 0))
      (scale (xyz 1 1 1))
      (rotate (xyz 0 0 0))
    )
  )

  (module SamacSys_Parts:SOP65P778X199-20N (layer F.Cu) (tedit 0) (tstamp 5DEA6074)
    (at 141.917 98.04 180)
    (descr "MAX 20 SSOP ")
    (tags "Integrated Circuit")
    (path /5DF0A523)
    (attr smd)
    (fp_text reference IC2 (at 0 0) (layer F.SilkS)
      (effects (font (size 1.27 1.27) (thickness 0.254)))
    )
    (fp_text value MAX31865AAP+ (at 0 0) (layer F.SilkS) hide
      (effects (font (size 1.27 1.27) (thickness 0.254)))
    )
    (fp_line (start -4.35 -3.5) (end -2.645 -3.5) (layer F.SilkS) (width 0.2))
    (fp_line (start -2.295 3.6) (end -2.295 -3.6) (layer F.SilkS) (width 0.2))
    (fp_line (start 2.295 3.6) (end -2.295 3.6) (layer F.SilkS) (width 0.2))
    (fp_line (start 2.295 -3.6) (end 2.295 3.6) (layer F.SilkS) (width 0.2))
    (fp_line (start -2.295 -3.6) (end 2.295 -3.6) (layer F.SilkS) (width 0.2))
    (fp_line (start -2.645 -2.95) (end -1.995 -3.6) (layer F.Fab) (width 0.1))
    (fp_line (start -2.645 3.6) (end -2.645 -3.6) (layer F.Fab) (width 0.1))
    (fp_line (start 2.645 3.6) (end -2.645 3.6) (layer F.Fab) (width 0.1))
    (fp_line (start 2.645 -3.6) (end 2.645 3.6) (layer F.Fab) (width 0.1))
    (fp_line (start -2.645 -3.6) (end 2.645 -3.6) (layer F.Fab) (width 0.1))
    (fp_line (start -4.6 3.915) (end -4.6 -3.915) (layer F.CrtYd) (width 0.05))
    (fp_line (start 4.6 3.915) (end -4.6 3.915) (layer F.CrtYd) (width 0.05))
    (fp_line (start 4.6 -3.915) (end 4.6 3.915) (layer F.CrtYd) (width 0.05))
    (fp_line (start -4.6 -3.915) (end 4.6 -3.915) (layer F.CrtYd) (width 0.05))
    (fp_text user %R (at 0 0) (layer F.Fab)
      (effects (font (size 1.27 1.27) (thickness 0.254)))
    )
    (pad 20 smd rect (at 3.498 -2.925 270) (size 0.45 1.705) (layers F.Cu F.Paste F.Mask)
      (net 19 "Net-(IC2-Pad20)"))
    (pad 19 smd rect (at 3.498 -2.275 270) (size 0.45 1.705) (layers F.Cu F.Paste F.Mask)
      (net 2 GND))
    (pad 18 smd rect (at 3.498 -1.625 270) (size 0.45 1.705) (layers F.Cu F.Paste F.Mask)
      (net 2 GND))
    (pad 17 smd rect (at 3.498 -0.975 270) (size 0.45 1.705) (layers F.Cu F.Paste F.Mask)
      (net 17 MISO))
    (pad 16 smd rect (at 3.498 -0.325 270) (size 0.45 1.705) (layers F.Cu F.Paste F.Mask)
      (net 20 CE1))
    (pad 15 smd rect (at 3.498 0.325 270) (size 0.45 1.705) (layers F.Cu F.Paste F.Mask)
      (net 15 SCLK))
    (pad 14 smd rect (at 3.498 0.975 270) (size 0.45 1.705) (layers F.Cu F.Paste F.Mask)
      (net 14 MOSI))
    (pad 13 smd rect (at 3.498 1.625 270) (size 0.45 1.705) (layers F.Cu F.Paste F.Mask)
      (net 2 GND))
    (pad 12 smd rect (at 3.498 2.275 270) (size 0.45 1.705) (layers F.Cu F.Paste F.Mask)
      (net 6 RTDIN-_W3_RTD2))
    (pad 11 smd rect (at 3.498 2.925 270) (size 0.45 1.705) (layers F.Cu F.Paste F.Mask)
      (net 6 RTDIN-_W3_RTD2))
    (pad 10 smd rect (at -3.498 2.925 270) (size 0.45 1.705) (layers F.Cu F.Paste F.Mask)
      (net 5 RTDIN+_W2_RTD2))
    (pad 9 smd rect (at -3.498 2.275 270) (size 0.45 1.705) (layers F.Cu F.Paste F.Mask)
